386
387
390
391
430
434
435
436
437
438
439
440
441
442
443
444
445
477
478
487
488
873
874
875
876
877
878
891
892
893
894
895
896
897
898
899
900
901
902
903
904
905
906
907
908
909
910
911
912
913
914
915
916
917
921
922
923
925
928
930
931
932
933
934
1025
1026
1027
1028
1029
1030
1031
1032
1033
1034
1035
1036
1037
1038
1039
1040
1041
1042
1043
1044
1045
1046
1047
1048
1049
1050
1051
1052
1053
1054
1055
1056
1057
1058
1209
1210
1212
1213
1215
1216
1217
1218
1263
1264
1285
1286
1287
1288
1289
1290
1291
1292
1293
1294
1295
1296
1297
1298
1299
1300
1301
1302
1303
1304
1305
1306
1307
1308
1309
1310
1311
1312
1313
1314
1316
1317
1319
1321
1322
1323
1324
1326
1327
1328
1329
1330
1331
1332
1333
1334
1335
1336
1337
1338
1339
1340
1345
1346
1347
1348
1353
1368
1369
1379
1380
1381
1382
1383
1384
1385
1386
1387
1388
1389
1390
1391
1392
1393
1394
1395
1396
1406
1423
1424
1429
1431
1432
1433
1434
1437
1443
1447
1480
1481
1483
1484
1492
1493
1494
1495
1496
1515
1516
1517
1518
1519
1520
1521
1524
1525
1526
1528
1530
1533
1534
1535
1536
1539
1541
1546
1608
1609
1612
1613
1617
1618
1619
1620
1621
1622
1623
1624
1625
1626
1627
1629
1630
1631
1650
1651
1652
1653
1662
1663
1664
1665
1710
1711
1716
1717
1718
1719
1720
1738
1739
1740
1741
1743
1744
1745
1754
1755
1756
1757
1758
1759
1760
1761
1770
1771
1773
1774
1775
1777
1787
1793
1794
1795
1796
1797
1798
1799
1800
1801
1802
1810
1812
1815
1945
1946
1949
1950
1987
2005
2006
2007
2010
2013
2014
2022
2023
2024
2035
2038
2040
2050
2052
2054
2059
2061
2101
2102
2120
2148
2219
2220
2221
2222
2223
2224
2225
2226
2227
2228
2229
2230
2231
2233
2234
2235
2240
2241
2250
2253
2255
2257
2266
2380
2382
2383
2384
2385
2386
2388
2389
2404
2406
2420
2448
2458
2460
2461
2467
2482
2484
2485
2512
2526
2544
2545
2554
2555
2559
2562
2568
2580
2643
2649
2650
2651
2666
2667
2671
2677
2684
2692
2694
2696
2700
2701
2702
2703
2705
2707
2708
2711
2713
2714
2715
2716
2739
2740
2741
2742
2743
2767
2768
2769
2770
2771
2772
2773
2774
2775
2776
2777
2778
2779
2780
2784
2785
2806
2807
2810
2811
2813
2814
2815
2820
2821
2822
2823
2826
2827
2828
2831
2848
2849
2850
2851
2885
2902
2903
2904
2944
2966
3060
3070
3071
3072
3073
3074
3075
3076
3086
3088
3128
3129
3130
3131
3132
3133
3134
3976
4328
4329
4362
4363
4364
4365
4366
4367
4368
4373
4456
4457
4458
4459
4460
4461
4462
4463
4464
4465
4466
4467
4468
4469
4470
4471
4472
4473
4474
4475
4476
4477
4478
4479
4484
4496
4500
4509
4542
4543
4544
4545
4546
4547
4548
4549
4550
4551
4552
4553
4628
4644
4645
4646
4647
4648
4649
4650
4651
4652
4653
4654
4655
4656
4660
4667
4668
4669
4670
4671
4672
4673
4674
4675
4676
4677
4678
4713
4714
4715
4716
4717
4718
4719
4720
4721
4722
4723
4724
4796
4797
4798
4799
4800
4801
4802
4803
4804
4805
4806
4807
4826
4827
4876
4877
4878
4879
4880
4881
4882
5048
5049
5050
5052
5053
5054
