101
103
231
293
351
352
353
354
355
356
357
358
359
360
361
362
363
364
365
366
367
368
369
371
372
373
374
375
376
377
378
379
380
381
382
383
384
385
405
406
407
408
409
410
411
423
424
427
429
431
432
433
446
459
468
475
479
493
724
804
806
918
919
920
926
927
929
1284
4405
4406
4407
4408
4409
4410
4411
4412
4413
4414
4415
4416
4417
4418
4419
4420
4421
4526
4527
4528
4529
4530
4531
4532
4533
4534
4535
4536
4537
4538
4539
4540
4541
4566
4570
4571
4572
4573
4574
4575
4576
4577
4578
4579
4595
4608
4609
4610
4611
4612
4613
4632
4639
4643
4664
4665
4666
4691
4692
4693
4694
4695
4696
4697
4698
4699
4700
4701
4749
4750
4751
4752
4753
4754
4755
4832
4833
